GET:
[0.004786014556884766, 0.0032749176025390625, 0.020812034606933594, 0.14249324798583984, 0.006642580032348633, 0.008779287338256836, 0.01393580436706543, 0.007368326187133789, 0.0033545494079589844, 0.0031838417053222656, 0.007862329483032227, 0.02245950698852539, 0.007786750793457031, 0.002956390380859375, 0.006677865982055664, 0.008622407913208008, 0.0033066272735595703, 0.0026597976684570312, 0.007325649261474609, 0.011137962341308594, 0.0028226375579833984, 0.006524562835693359, 0.014087200164794922, 0.011339902877807617, 0.010827779769897461, 0.015172481536865234, 0.02535104751586914, 0.04629659652709961, 0.01136922836303711, 0.00533747673034668, 0.019895315170288086, 0.012214899063110352, 0.0059664249420166016, 0.005085468292236328, 0.012746334075927734, 0.018912553787231445, 0.0058689117431640625, 0.004983186721801758, 0.025353431701660156, 0.022507905960083008, 0.011381864547729492, 0.011221885681152344, 0.03196454048156738, 0.05716681480407715, 0.011320352554321289, 0.0071430206298828125, 0.018851041793823242, 0.017322778701782227, 0.00897526741027832, 0.0067844390869140625, 0.016492366790771484, 0.025944948196411133, 0.008247852325439453, 0.006705522537231445, 0.018182992935180664, 0.014849185943603516, 0.008610725402832031, 0.008760690689086914, 0.016654491424560547, 0.04018115997314453, 0.01004171371459961, 0.006093263626098633, 0.023914337158203125, 0.014935016632080078, 0.009228944778442383, 0.006191253662109375, 0.019893407821655273, 0.03055715560913086, 0.009054422378540039, 0.006007194519042969, 0.0179288387298584, 0.0163118839263916, 0.008846282958984375, 0.007295131683349609, 0.018288612365722656, 0.034888505935668945, 0.008767127990722656, 0.0069468021392822266, 0.023096084594726562, 0.016242027282714844]
POST:
[0.01894521713256836, 0.00943613052368164, 0.043578147888183594, 0.02063465118408203, 0.021968364715576172, 0.02465081214904785, 0.02946329116821289, 0.028024673461914062, 0.02526545524597168, 0.031885385513305664]
DELETE:
[0.005086421966552734, 0.007503986358642578, 0.011103153228759766, 0.008430004119873047, 0.006242513656616211, 0.0074312686920166016, 0.00751495361328125, 0.007742643356323242, 0.014569759368896484, 0.008215904235839844]
GET:
[0.006678104400634766, 0.00682377815246582, 0.0577392578125, 0.19450736045837402, 0.006052732467651367, 0.004826545715332031, 0.014869451522827148, 0.020664215087890625, 0.006897926330566406, 0.0054361820220947266, 0.01785421371459961, 0.029735565185546875, 0.006163120269775391, 0.004705667495727539, 0.01120305061340332, 0.01886272430419922, 0.011399507522583008, 0.005391597747802734, 0.015160083770751953, 0.03164839744567871, 0.004661083221435547, 0.0034477710723876953, 0.040059566497802734, 0.02198028564453125, 0.009590625762939453, 0.0091552734375, 0.026896953582763672, 0.024135828018188477, 0.005841493606567383, 0.003292083740234375, 0.010668039321899414, 0.007294893264770508, 0.004392385482788086, 0.003251791000366211, 0.007462263107299805, 0.012567996978759766, 0.00445866584777832, 0.004493236541748047, 0.025943279266357422, 0.014422178268432617, 0.009221792221069336, 0.010858535766601562, 0.019848108291625977, 0.012326240539550781, 0.007447004318237305, 0.005510568618774414, 0.008052587509155273, 0.022185325622558594, 0.006533145904541016, 0.006256103515625, 0.0157163143157959, 0.02969217300415039, 0.007452964782714844, 0.009051084518432617, 0.022031545639038086, 0.006894588470458984, 0.0031938552856445312, 0.0027976036071777344, 0.019882678985595703, 0.02686023712158203, 0.004457235336303711, 0.00896763801574707, 0.011678218841552734, 0.008138418197631836, 0.010885000228881836, 0.008147239685058594, 0.022618532180786133, 0.03597307205200195, 0.005764961242675781, 0.003681659698486328, 0.00668644905090332, 0.005162477493286133, 0.010078907012939453, 0.008358001708984375, 0.025139331817626953, 0.026044130325317383, 0.0037963390350341797, 0.009287118911743164, 0.014347314834594727, 0.0105133056640625]
POST:
[0.020531892776489258, 0.03162813186645508, 0.03336787223815918, 0.016079187393188477, 0.011848211288452148, 0.03494739532470703, 0.011142730712890625, 0.02635645866394043, 0.03372526168823242, 0.018012046813964844]
DELETE:
[0.00501704216003418, 0.016308307647705078, 0.005345582962036133, 0.006066560745239258, 0.004585742950439453, 0.010410070419311523, 0.0058252811431884766, 0.011178016662597656, 0.010231256484985352, 0.009329795837402344]

GET:
[0.004306316375732422, 0.0029337406158447266, 0.006464719772338867, 0.009608745574951172, 0.0031766891479492188, 0.003196239471435547, 0.017522573471069336, 0.0073642730712890625, 0.0028290748596191406, 0.0029706954956054688, 0.021213054656982422, 0.01338505744934082, 0.003398418426513672, 0.006491422653198242, 0.007911205291748047, 0.02482008934020996, 0.0058422088623046875, 0.003956317901611328, 0.010326147079467773, 0.017741918563842773, 0.0039055347442626953, 0.009249687194824219, 0.045966148376464844, 0.024035215377807617, 0.01102900505065918, 0.010570049285888672, 0.025490999221801758, 0.044071197509765625, 0.005797624588012695, 0.009749174118041992, 0.01875019073486328, 0.013280391693115234, 0.006268501281738281, 0.005170106887817383, 0.013016939163208008, 0.02046036720275879, 0.006993532180786133, 0.009982585906982422, 0.03676581382751465, 0.04242563247680664, 0.008454084396362305, 0.005938529968261719, 0.017360925674438477, 0.03250432014465332, 0.007441282272338867, 0.005193233489990234, 0.016188621520996094, 0.011683940887451172, 0.006546497344970703, 0.005431175231933594, 0.01169729232788086, 0.021653413772583008, 0.007490396499633789, 0.009367227554321289, 0.028912067413330078, 0.030675649642944336, 0.010263442993164062, 0.006991386413574219, 0.009454727172851562, 0.013716697692871094, 0.003522157669067383, 0.0026025772094726562, 0.013226985931396484, 0.006360054016113281, 0.0037679672241210938, 0.0031642913818359375, 0.007498741149902344, 0.010277271270751953, 0.003153562545776367, 0.002947568893432617, 0.009215116500854492, 0.019042253494262695, 0.009784698486328125, 0.008852005004882812, 0.025745868682861328, 0.04105520248413086, 0.02743244171142578, 0.008733272552490234, 0.03579545021057129, 0.02920699119567871]
POST:
[0.03608393669128418, 0.009774446487426758, 0.014773845672607422, 0.01880788803100586, 0.022892236709594727, 0.01904916763305664, 0.04488563537597656, 0.01131582260131836, 0.010473966598510742, 0.03296494483947754]
DELETE:
[0.0035190582275390625, 0.004105329513549805, 0.004380464553833008, 0.007514476776123047, 0.00763702392578125, 0.006375312805175781, 0.009444952011108398, 0.003942012786865234, 0.0034780502319335938, 0.01195836067199707]
GET:
[0.010820865631103516, 0.009248733520507812, 0.024399280548095703, 0.03634524345397949, 0.016500473022460938, 0.006456851959228516, 0.020317554473876953, 0.017956018447875977, 0.0075261592864990234, 0.007538318634033203, 0.015953540802001953, 0.024979114532470703, 0.008818626403808594, 0.009115934371948242, 0.026591062545776367, 0.01615452766418457, 0.008297204971313477, 0.0060918331146240234, 0.023034334182739258, 0.027157068252563477, 0.008396625518798828, 0.0073587894439697266, 0.029758214950561523, 0.018672943115234375, 0.010643243789672852, 0.009299278259277344, 0.018502235412597656, 0.031903982162475586, 0.013236761093139648, 0.005805253982543945, 0.024882078170776367, 0.01137399673461914, 0.0035305023193359375, 0.0034973621368408203, 0.009944438934326172, 0.012312173843383789, 0.005436420440673828, 0.0027663707733154297, 0.006877899169921875, 0.019489288330078125, 0.009110212326049805, 0.013754844665527344, 0.021252155303955078, 0.014760255813598633, 0.005555868148803711, 0.003203153610229492, 0.0076923370361328125, 0.021718740463256836, 0.006909608840942383, 0.005496501922607422, 0.012058019638061523, 0.017678022384643555, 0.002657651901245117, 0.0030069351196289062, 0.02183222770690918, 0.009019136428833008, 0.004585742950439453, 0.0038025379180908203, 0.02494335174560547, 0.02843189239501953, 0.0060694217681884766, 0.0026710033416748047, 0.007904767990112305, 0.006638526916503906, 0.004334688186645508, 0.004145145416259766, 0.025280475616455078, 0.03484940528869629, 0.003651857376098633, 0.009454488754272461, 0.011706113815307617, 0.023294687271118164, 0.004165172576904297, 0.003695964813232422, 0.010926961898803711, 0.01511693000793457, 0.0039179325103759766, 0.003406524658203125, 0.02593994140625, 0.009073734283447266]
POST:
[0.030341386795043945, 0.027814388275146484, 0.02640676498413086, 0.01975274085998535, 0.00853276252746582, 0.01621532440185547, 0.03246021270751953, 0.012659549713134766, 0.04039478302001953, 0.015313386917114258]
DELETE:
[0.008812665939331055, 0.007566213607788086, 0.009127378463745117, 0.0051000118255615234, 0.002922534942626953, 0.0044400691986083984, 0.011083602905273438, 0.0074770450592041016, 0.004007577896118164, 0.004131317138671875]
